121,333,124,,2,-3,122.0
127,333,129,127.0,3,-2,128.0
138,111,139,137.0,5,-1,136.0
142,111,143,142.0,6,-1,140.0
153,555,151,,8,2,
159,555,158,,9,1,
168,555,167,,11,1,
191,444,194,192.0,16,-3,190.0
199,555,198,197.0,17,1,196.0
216,333,218,217.0,20,-2,217.0
229,555,228,227.0,22,1,226.0
234,555,232,232.0,23,2,233.0
245,444,249,247.0,26,-4,248.0
