610,102,1000,100,-2,444
635,106,1050,105,-1,333
674,113,1120,112,-1,222
708,119,1180,118,-1,222
738,123,1240,124,1,222
760,125,1290,129,4,222
793,134,1300,130,-4,333
827,137,1390,139,2,222
851,141,1430,143,2,222
880,147,1450,145,-2,444
905,150,1510,151,1,333
940,155,1580,158,3,333
966,161,1600,160,-1,444
1000,166,1670,167,1,333
1030,172,1700,170,-2,444
1057,176,358,175,-1,444
1096,184,364,181,-3,333
1121,187,376,186,-1,333
1158,193,382,194,1,222
1180,195,398,198,3,333
1207,202,402,200,-2,333
1241,208,410,206,-2,222
1277,214,426,211,-3,333
1297,215,432,218,3,222
1338,224,440,223,-1,222
1360,225,458,228,3,333
1391,231,468,232,1,333
1416,235,478,236,1,444
1455,244,486,240,-4,444
1484,247,490,249,2,111
