0,0000,0.0,0000,0,0
50,0050,,,100,0
100,0100,,,200,0
150,0150,150.0,0150,300,0
200,0200,,,400,0
250,0250,,,500,0
300,0300,300.0,0300,600,0
350,0350,,,700,0
400,0400,,,800,0
450,0450,450.0,0450,900,0
500,0500,,,1000,0
550,0550,,,1100,0
