1,109,2,-1,1,107,105
1,110,-1,4,2,111,112
1,117,-3,-1,3,115,118
1,120,-3,2,4,121,124
1,152,2,2,10,153,151
1,165,1,4,13,168,167
1,189,2,-4,17,188,186
1,192,-3,-2,18,191,194
1,221,-3,1,24,220,223
1,230,2,3,26,234,232
1,237,3,1,27,239,236
2,103,4,-2,0,104,100
2,135,-1,1,7,138,139
2,144,-1,-4,8,142,143
2,173,4,-2,14,174,170
2,209,-1,-2,21,205,206
2,246,-4,2,29,245,249
3,157,1,-1,11,159,158
3,180,1,3,16,182,181
3,197,1,-1,19,199,198
3,210,2,2,22,213,211
3,219,-2,-2,23,216,218
3,227,1,-1,25,229,228
4,126,-2,2,5,127,129
4,132,1,1,6,131,130
4,242,3,-1,28,243,240
