0,107,2,635,-1,105,333
0,153,2,905,2,151,333
0,163,3,966,2,160,444
0,168,1,1000,4,167,333
0,179,4,1057,1,175,444
0,188,2,1121,-4,186,333
0,191,-3,1158,-2,194,222
0,213,2,1277,2,211,333
0,216,-2,1297,-2,218,222
0,220,-3,1338,1,223,222
0,234,2,1391,3,232,333
0,239,3,1416,1,236,444
0,243,3,1455,-1,240,444
