105,2,106,1,-1,1050,-1
112,-1,113,1,4,1120,-1
118,-3,119,1,-1,1180,-1
124,-3,123,1,2,1240,1
129,-2,125,4,2,1290,4
130,1,134,4,1,1300,-4
139,-1,137,2,1,1390,2
143,-1,141,2,-4,1430,2
145,4,147,2,2,1450,-2
151,2,150,1,2,1510,1
158,1,155,3,-1,1580,3
160,3,161,1,2,1600,-1
167,1,166,1,4,1670,1
170,4,172,2,-2,1700,-2
175,4,176,1,1,358,-1
181,1,184,3,3,364,-3
186,2,187,1,-4,376,-1
194,-3,193,1,-2,382,1
198,1,195,3,-1,398,3
200,1,202,2,-1,402,-2
206,-1,208,2,-2,410,-2
211,2,214,3,2,426,-3
218,-2,215,3,-2,432,3
223,-3,224,1,1,440,-1
228,1,225,3,-1,458,3
232,2,231,1,3,468,1
236,3,235,1,1,478,1
240,3,244,4,-1,486,-4
249,-4,247,2,2,490,2
