111,110,4,112,113,-1
111,135,1,139,137,2
111,144,-4,143,141,2
111,209,-2,206,208,-2
222,204,-1,200,202,-2
222,210,2,211,214,-3
222,242,-1,240,244,-4
333,109,-1,105,106,-1
333,117,-1,118,119,-1
333,120,2,124,123,1
333,126,2,129,125,4
333,152,2,151,150,1
333,162,2,160,161,-1
333,165,4,167,166,1
333,180,3,181,184,-3
333,219,-2,218,215,3
444,132,1,130,134,-4
444,189,-4,186,187,-1
444,192,-2,194,193,1
444,221,1,223,224,-1
444,246,2,249,247,2
555,103,-2,100,102,-2
555,146,2,145,147,-2
555,157,-1,158,155,3
555,173,-2,170,172,-2
555,177,1,175,176,-1
555,197,-1,198,195,3
555,227,-1,228,225,3
555,230,3,232,231,1
555,237,1,236,235,1
