111,247,29,2,249,444,743
222,113,2,-1,112,111,335
222,119,3,-1,118,333,351
222,123,4,1,124,333,369
222,125,5,4,129,333,385
222,137,7,2,139,111,416
222,141,8,2,143,111,428
222,193,18,1,194,444,579
222,208,21,-2,206,111,617
222,215,23,3,218,333,652
222,224,24,-1,223,444,666
333,106,1,-1,105,333,317
333,134,6,-4,130,444,391
333,150,10,1,151,333,455
333,155,11,3,158,555,475
333,166,13,1,167,333,502
333,184,16,-3,181,333,544
333,187,17,-1,186,444,560
333,195,19,3,198,555,595
333,202,20,-2,200,222,601
333,214,22,-3,211,222,635
333,225,25,3,228,555,685
333,231,26,1,232,555,698
444,102,0,-2,100,555,304
444,147,9,-2,145,555,439
444,161,12,-1,160,333,483
444,172,14,-2,170,555,514
444,176,15,-1,175,555,529
444,235,27,1,236,555,711
444,244,28,-4,240,222,723
